
ID	CONNECTION_TYPE_ID	FROM_UNIT	TO_UNIT	RATE
1	1	0	200	20
2	1	201	2000	22.5
3	2	2001	4500	27
4	2	4501	25000	35



select * from electricity_connection_type;

ID	CONNECTION_NAME
1	Home
2	Commercial

select * from building_type

ID	NAME	CONNECTION_TYPE_ID
1	Shopping Mall	2
2	Hotel		2
3	Arena		2
4	Theatre		2
5	Apartment	1
6	Flat		1
7	Bungalow	1
8	Police Station	1
9	Dispensaries	1
10	Pharmacy	1



11	Church	1
12	College	2
13	School	2
14	Library	2
15	Museum	2


select * from building;
ID	OWNER_NAME	ADDRESS	BUILDING_TYPE_ID
CONTACT_NUMBER	EMAIL_ADDRESS
1	Haidil	VivoCity, 1 Harbourfront Walk, Singapore 098585	1
+65 6377 6860	vivosupport@vivocity.com.sg
2	Muhammad Hafaz	Suntec City, 3E Temasek Boulevard, Singapore 038984	1
+65 6266 1502	suntecenquiries@suntecreit.sg
3	Peisen	V Hotel Lavender, 70 Jellicoe Rd, Singapore 208767	2
+65 6345 2233	contactlavender@vhotel.sg
4	Claudia moonsoon	Strand Hotel Singapore, 25 Bencoolen St, Singapore City 189619	2

select * from meter
ID	METER_NUMBER	BUILDING_ID
1	SG934826	1
2	SG923564	2
3	SG567423	3
4	SG854378	4
5	SG976232	5
6	SG413789	6
7	SG732537	7
8	SG288942	8
9	SG376891	9
10	SG198329	10
11	SG632949	11
12	SG537282	12
13	SG328737	13


select * from electricity_reading;

ID	METER_ID	DAY	H1	H2	H3	H4	H5	H6	H7	H8	H9
H10	H11	H12	H13	H14	H15	H16	H17	H18	H19	H20
H21	H22	H23	H24	TOTAL_UNITS
1	1	06-MAY-18	5	5	5	5	5	5	5	5	5
50	55	50	60	60	50	50	55	50	50	80
75	75	5	5	815
2	1	07-MAY-18	5	5	5	5	5	5	5	5	5
45	45	50	55	50	50	55	60	60	55	75
80	70	5	5	805
3	2	06-MAY-18	4	4	4	4	4	4	4	4	4
40	35	40	45	45	40	47	50	45	50	50
65	70	5	5	668
4	2	07-MAY-18	4	4	4	4	4	4	4	4	4
45	40	35	40	50	45	50	50	45	45	60
65	65	5	5	681
5	3	06-MAY-18	2	2	2	2	2	4	5	5	6
6	8	9	7	8	10	9	6	7	8	10
11	11	4	3	147
6	3	07-MAY-18	1	2	2	1	2	4	8	7	8
6	10	9	9	10	7	9	8	8	8	11
9	10	4	2	155
7	4	06-MAY-18	2	3	2	2	2	5	4	7	6
5	6	8	7	8	10	10	9	10	7	9
11	10	3	4	150
8	4	07-MAY-18	2	2	3	3	2	4	7	6	9
8	10	9	9	11	11	9	10	9	9	11
12	10	2	2	170
9	5	06-MAY-18	2	2	1	1	1	1	1	2	2
2	2	3	2	3	2	2	2	3	2	50
80	60	60	5	291
10	5	07-MAY-18	1	2	2	1	1	1	1	2	1
1	2	2	2	2	1	3	3	2	2	60
60	70	50	6	278
11	6	06-MAY-18	2	2	1	2	1	1	2	1	1
1	1	2	2	2	2	2	1	2	2	55
70	65	65	4	289
12	6	07-MAY-18	2	1	1	1	2	2	1	1	2
2	1	1	1	2	2	2	3	1	3	70
65	65	55	5	291
13	7	06-MAY-18	1	0	1	1	1	1	1	1	1
10	11	10	9	10	9	9	8	10	10	11
10	10	1	1	137
14	7	07-MAY-18	1	1	1	1	1	1	1	1	1
9	11	9	10	10	11	10	9	8	8	8
9	10	1	0	132
15	8	06-MAY-18	0	1	1	1	1	1	1	1	1
11	9	9	8	8	10	11	8	10	10	11
10	11	0	1	135
16	8	07-MAY-18	1	1	1	0	1	1	1	1	1
10	10	11	9	9	8	10	11	10	9	8
11	10	1	1	136
17	9	06-MAY-18	0	2	0	1	2	2	3	2	3
2	1	2	2	1	2	2	1	3	1	3
2	2	2	1	42
18	9	07-MAY-18	0	0	0	1	1	2	3	2	3
2	2	3	2	1	1	2	1	1	1	3
2	2	2	1	38
19	10	06-MAY-18	1	0	1	0	0	1	2	2	2
1	1	1	2	1	1	2	1	1	1	1
2	1	0	0	25
20	10	07-MAY-18	0	0	1	1	1	1	1	2	1
1	2	2	1	1	2	1	1	2	1	1
1	1	0	1	26
21	11	06-MAY-18	0	1	0	0	0	1	2	1	2
1	1	1	2	2	1	2	2	1	1	2
1	2	0	1	27
22	11	07-MAY-18	1	0	0	0	1	1	1	2	2
2	1	1	1	1	2	1	1	2	2	1
1	1	1	0	26
23	12	06-MAY-18	0	0	0	1	1	1	2	1	1
1	2	2	1	1	1	2	2	2	1	1
1	2	0	0	26
24	12	07-MAY-18	0	1	0	0	0	1	1	2	1
1	1	1	1	2	2	1	1	1	1	2
2	1	0	0	23
ID	METER_ID	DAY	H1	H2	H3	H4	H5	H6	H7	H8	H9
H10	H11	H12	H13	H14	H15	H16	H17	H18	H19	H20
H21	H22	H23	H24	TOTAL_UNITS
25	13	06-MAY-18	1	1	1	1	1	1	2	1	2
1	2	1	2	2	1	1	2	2	2	1
2	1	1	1	33
26	13	07-MAY-18	1	1	1	1	1	1	2	2	2
1	2	1	1	1	1	2	2	2	2	2
2	2	2	1	36
27	14	06-MAY-18	1	1	1	1	1	1	2	1	2
1	2	1	2	2	2	1	2	2	2	2
2	2	1	1	36
28	14	07-MAY-18	1	2	1	1	1	1	1	2	1
1	2	2	2	2	2	1	2	2	2	2
2	2	1	2	38
29	15	06-MAY-18	1	1	1	1	1	1	1	1	1
1	1	1	1	1	1	1	0	1	1	1
1	1	1	1	23
30	15	07-MAY-18	0	1	0	0	1	1	1	1	1
1	1	1	1	0	0	1	1	0	1	1
1	1	1	1	18
31	16	06-MAY-18	1	1	1	1	1	1	1	0	0
1	1	1	1	1	1	1	1	1	1	1
1	1	1	1	22
32	16	07-MAY-18	1	0	0	0	1	1	1	1	1
1	1	1	1	1	1	1	1	1	1	1
1	1	1	1	21
33	17	06-MAY-18	0	0	0	0	0	0	0	1	1
1	1	1	1	1	0	0	1	1	1	1
1	1	0	0	13
34	17	07-MAY-18	0	0	0	0	0	0	0	1	1
1	1	1	1	1	1	1	1	1	1	1
1	1	0	0	15
35	18	06-MAY-18	0	0	0	0	0	0	0	1	1
1	1	1	0	1	1	1	1	1	1	1
1	1	0	0	14
36	18	07-MAY-18	0	0	0	0	0	0	0	1	1
0	0	1	1	1	1	1	1	1	1	1
1	1	0	0	13
37	19	06-MAY-18	0	0	0	0	0	0	0	0	1
1	1	1	1	1	1	1	1	1	1	1
1	1	0	0	14
38	19	07-MAY-18	0	0	0	0	0	0	0	0	0
1	1	1	1	1	1	1	1	1	1	1
1	0	0	0	12
39	20	06-MAY-18	0	0	0	0	0	0	0	0	1
1	1	1	1	0	0	1	1	1	1	1
1	0	0	0	11
40	20	07-MAY-18	0	0	0	0	0	0	0	1	1
1	1	1	1	1	1	1	1	1	1	1
1	0	0	0	14
41	21	06-MAY-18	0	0	0	0	0	1	1	1	1
0	0	0	0	0	0	0	0	0	0	1
1	1	0	0	7
42	21	07-MAY-18	0	0	0	0	0	1	1	1	1
0	0	0	0	0	0	0	0	0	0	0
1	1	0	0	6
43	22	06-MAY-18	0	0	0	0	0	1	1	1	1
0	0	0	0	0	0	0	0	0	0	0
1	1	0	0	6
44	22	07-MAY-18	0	0	0	0	1	1	1	1	1
0	0	0	0	0	0	0	0	0	0	1
1	1	0	0	8
45	23	06-MAY-18	2	2	2	2	2	1	1	55	60
60	55	60	60	75	70	80	75	2	2	2
1	2	2	2	675
46	23	07-MAY-18	1	2	2	2	1	2	2	50	55
55	60	60	55	70	60	65	65	2	2	3
2	1	2	2	621
47	24	06-MAY-18	2	2	2	2	2	1	1	2	70
75	60	65	65	60	55	65	50	55	3	2
3	3	2	1	648
48	24	07-MAY-18	2	2	2	2	2	1	1	1	65
70	70	72	75	54	60	65	65	65	2	3
2	2	2	1	686
ID	METER_ID	DAY	H1	H2	H3	H4	H5	H6	H7	H8	H9
H10	H11	H12	H13	H14	H15	H16	H17	H18	H19	H20
H21	H22	H23	H24	TOTAL_UNITS
49	25	06-MAY-18	1	2	2	2	2	1	1	1	70
65	65	70	70	60	62	66	70	77	2	2
1	2	1	1	696
50	25	07-MAY-18	1	1	1	1	2	1	1	1	65
67	75	65	65	51	56	55	60	75	3	2
1	1	1	1	652
51	26	06-MAY-18	1	1	1	2	1	1	1	60	69
69	65	70	66	79	75	60	65	2	3	2
1	1	1	1	697
52	26	07-MAY-18	1	1	1	1	1	1	1	72	78
69	60	60	55	70	66	65	70	2	2	1
2	1	1	1	682
53	27	06-MAY-18	0	0	0	0	0	1	5	5	10
10	10	11	9	10	12	11	11	10	10	9
10	11	1	0	156
54	27	07-MAY-18	0	0	0	0	0	1	3	3	6
6	9	9	10	11	10	10	11	9	10	11
10	10	2	0	141
55	28	06-MAY-18	0	0	0	0	0	1	2	2	8
8	10	11	10	9	9	10	10	11	9	10
11	11	1	0	143
56	28	07-MAY-18	0	0	0	0	0	0	6	10	10
11	13	12	10	8	9	8	8	10	12	11
11	10	1	0	160
57	29	06-MAY-18	1	1	1	1	1	1	1	1	1
15	15	14	13	13	15	12	12	15	13	1
0	0	1	1	149
58	29	07-MAY-18	1	1	1	1	1	1	1	1	1
15	14	15	12	12	15	14	14	12	13	0
1	0	1	1	148

ID	METER_ID	MONTH	YEAR	DUE_DATE	TOTAL_UNITS	PAYABLE_AMOUNT	IS_PAYED	PAYMENT_D	FINE_AMOUNT
1	1		12	2017	01-JAN-18	19900		696500		0	
2	2		12	2017	01-JAN-18	17000		595000		1		02-JAN-18	59500
3	3		10	2017	01-NOV-17	4100		110700		1		28-OCT-17
4	4		11	2017	01-DEC-17	4500		121500		0	
5	5		12	2017	01-JAN-18	7500		262500		0	
6	5		11	2017	01-DEC-17	7670		268450		1		15-DEC-17	26845
7	5		9	2017	01-OCT-17	7550		226500		1		10-SEP-17
8	6		9	2017	01-OCT-17	7800		234000		0	
9	7		10	2017	01-NOV-17	4050		109350		1		20-OCT-17
10	7		11	2017	01-DEC-17	4110		110970		1		14-DEC-17	11097
11	7		12	2017	01-JAN-18	4220		113940		0	
12	8		11	2017	01-DEC-17	3960		106920		1		25-NOV-17
13	9		11	2017	01-DEC-17	1200		27000		1		20-DEC-17	2700
